472
297
66
71
134
84
402
44
377
216
497
58
172
256
272
322
320
424
164
98
343
106
454
50
57
224
207
41
237
59
157
95
214
228
225
45
190
301
290
262
427
130
170
49
0
90
184
323
350
80
233
113
79
444
196
462
142
311
93
328
398
489
488
309
202
356
486
212
499
118
460
494
281
152
335
393
77
6
156
479
379
458
236
124
435
234
265
298
109
258
179
273
410
205
153
308
131
198
422
314
446
431
48
300
417
127
68
15
94
425
329
147
354
304
408
471
87
123
293
364
477
277
474
105
186
39
355
445
162
158
291
404
67
317
10
244
178
128
146
104
279
99
62
69
85
183
348
193
399
226
383
433
36
282
181
434
30
487
139
209
361
75
240
151
235
81
40
268
140
144
405
395
324
340
373
5
145
437
366
60
211
168
188
82
194
46
89
403
126
187
360
23
491
33
38
429
47
154
396
412
475
319
210
206
457
341
342
357
8
248
3
443
72
200
449
91
203
371
307
416
222
295
7
213
432
255
278
374
447
451
407
302
223
469
492
63
24
37
230
353
338
114
22
167
17
381
65
31
221
289
438
344
382
1
192
245
117
12
392
327
232
176
332
229
430
270
391
28
490
129
325
436
215
155
138
372
428
347
100
171
169
305
35
365
465
161
306
299
287
43
97
103
468
294
352
333
148
191
208
313
409
385
160
450
111
455
384
52
426
137
481
483
480
390
55
367
74
493
165
423
96
26
266
286
19
375
359
448
112
16
197
102
453
441
174
180
310
363
115
439
358
217
239
125
440
421
418
498
463
177
413
283
32
368
470
252
238
276
331
253
362
414
220
150
251
264
107
351
267
4
349
318
64
92
88
